x = [1 1 1 1 1; 1 1 1 1 1]
y = [1;1]

z=(x - y) * (x - y)'